150 150
10 10 90 90
30
 9 45 12 38 18 40 16 50
 18 35 22 22 28 25 27 35
 29 15 38 10 42 13 33 25
 45 8 50 5 53 8 47 10
 10 68 13 68 14 73 10 75
 15 62 22 62 23 67 18 70 15 68
 25 60 27 50 35 48 30 60 28 60
 37 43 40 35 43 40
 43 31 44 28 48 28 48 30 45 32
 52 25 55 19 58 18 58 20
 62 10 68 8 72 9 65 15
 19 77 23 71 25 76
 28 68 30 65 33 67
 35 60 40 55 42 58
 42 46 45 43 48 44 46 49 43 50
 51 35 53 30 57 31 59 33 55 38
 61 28 65 22 66 29
 73 16 80 10 82 15 72 22
 28 80 33 79 30 88 25 87
 33 75 38 72 41 75 35 79
 41 68 43 65 45 65 44 69
 45 60 48 55 50 58 50 62
 54 50 58 45 60 50 55 55
 63 40 65 38 70 40 63 43
 72 30 75 28 80 29 78 33
 43 90 48 82 53 85 53 92 50 94
 55 75 59 70 65 74 62 80 54 81
 65 68 71 60 77 62 74 70
 80 52 83 42 90 45 88 51 